# Blender v2.93.4 OBJ File: ''
# www.blender.org
mtllib liebeHorns.mtl
o Cube.001
v 0.936098 1.099137 -1.753470
v 0.917686 0.620262 -1.946175
v 0.487022 0.721140 -0.771235
v 0.468610 0.242265 -0.963940
v 0.437811 1.195109 -1.944353
v 0.419399 0.716234 -2.137058
v -0.011265 0.817112 -0.962117
v -0.029677 0.338237 -1.154822
vt 0.875000 0.500000
vt 0.625000 0.750000
vt 0.625000 0.500000
vt 0.375000 1.000000
vt 0.375000 0.750000
vt 0.625000 0.000000
vt 0.375000 0.250000
vt 0.375000 0.000000
vt 0.375000 0.500000
vt 0.125000 0.750000
vt 0.125000 0.500000
vt 0.625000 0.250000
vt 0.875000 0.750000
vt 0.625000 1.000000
vn 0.0356 0.9271 0.3731
vn -0.3925 -0.3303 0.8584
vn -0.9191 0.1770 -0.3521
vn -0.0356 -0.9271 -0.3731
vn 0.9191 -0.1770 0.3521
vn 0.3925 0.3303 -0.8584
usemtl Material.001
s off
f 5/1/1 3/2/1 1/3/1
f 3/2/2 8/4/2 4/5/2
f 7/6/3 6/7/3 8/8/3
f 2/9/4 8/10/4 6/11/4
f 1/3/5 4/5/5 2/9/5
f 5/12/6 2/9/6 6/7/6
f 5/1/1 7/13/1 3/2/1
f 3/2/2 7/14/2 8/4/2
f 7/6/3 5/12/3 6/7/3
f 2/9/4 4/5/4 8/10/4
f 1/3/5 3/2/5 4/5/5
f 5/12/6 1/3/6 2/9/6
o Cube.002
v 1.782404 1.325134 -1.451131
v 1.851942 0.879479 -1.429295
v 0.502506 1.110499 -1.755750
v 0.572044 0.664845 -1.733914
v 1.887758 1.320058 -1.890215
v 1.957296 0.874404 -1.868379
v 0.607861 1.105424 -2.194834
v 0.677398 0.659769 -2.172998
vt 0.875000 0.500000
vt 0.625000 0.750000
vt 0.625000 0.500000
vt 0.375000 1.000000
vt 0.375000 0.750000
vt 0.625000 0.000000
vt 0.375000 0.250000
vt 0.375000 0.000000
vt 0.375000 0.500000
vt 0.125000 0.750000
vt 0.125000 0.500000
vt 0.625000 0.250000
vt 0.875000 0.750000
vt 0.625000 1.000000
vn -0.1540 0.9869 -0.0484
vn -0.9601 -0.1610 -0.2285
vn 0.2333 -0.0112 -0.9723
vn 0.1540 -0.9869 0.0484
vn -0.2333 0.0112 0.9723
vn 0.9601 0.1610 0.2285
usemtl Material.002
s off
f 13/15/7 11/16/7 9/17/7
f 11/16/8 16/18/8 12/19/8
f 15/20/9 14/21/9 16/22/9
f 10/23/10 16/24/10 14/25/10
f 9/17/11 12/19/11 10/23/11
f 13/26/12 10/23/12 14/21/12
f 13/15/7 15/27/7 11/16/7
f 11/16/8 15/28/8 16/18/8
f 15/20/9 13/26/9 14/21/9
f 10/23/10 12/19/10 16/24/10
f 9/17/11 11/16/11 12/19/11
f 13/26/12 9/17/12 10/23/12
o Cube.003
v 2.040579 0.775429 -0.930447
v 2.202875 0.611297 -1.092047
v 1.675569 1.084509 -1.610955
v 1.837865 0.920377 -1.772555
v 2.234910 0.979125 -0.942166
v 2.397207 0.814993 -1.103765
v 1.869900 1.288205 -1.622674
v 2.032197 1.124073 -1.784273
vt 0.875000 0.500000
vt 0.625000 0.750000
vt 0.625000 0.500000
vt 0.375000 1.000000
vt 0.375000 0.750000
vt 0.625000 0.000000
vt 0.375000 0.250000
vt 0.375000 0.000000
vt 0.375000 0.500000
vt 0.125000 0.750000
vt 0.125000 0.500000
vt 0.625000 0.250000
vt 0.875000 0.750000
vt 0.625000 1.000000
vn -0.5760 0.5825 0.5735
vn -0.4388 0.3716 -0.8181
vn 0.6897 0.7229 -0.0416
vn 0.5760 -0.5825 -0.5735
vn -0.6897 -0.7229 0.0416
vn 0.4388 -0.3716 0.8181
usemtl Material.003
s off
f 21/29/13 19/30/13 17/31/13
f 19/30/14 24/32/14 20/33/14
f 23/34/15 22/35/15 24/36/15
f 18/37/16 24/38/16 22/39/16
f 17/31/17 20/33/17 18/37/17
f 21/40/18 18/37/18 22/35/18
f 21/29/13 23/41/13 19/30/13
f 19/30/14 23/42/14 24/32/14
f 23/34/15 21/40/15 22/35/15
f 18/37/16 20/33/16 24/38/16
f 17/31/17 19/30/17 20/33/17
f 21/40/18 17/31/18 18/37/18
o Cube.006
v 0.936098 1.099137 1.764708
v 0.917686 0.620262 1.957413
v 0.487022 0.721140 0.782473
v 0.468610 0.242265 0.975178
v 0.437811 1.195109 1.955591
v 0.419399 0.716234 2.148296
v -0.011265 0.817112 0.973355
v -0.029677 0.338237 1.166060
vt 0.875000 0.500000
vt 0.625000 0.500000
vt 0.625000 0.750000
vt 0.375000 0.750000
vt 0.375000 1.000000
vt 0.625000 0.000000
vt 0.375000 0.000000
vt 0.375000 0.250000
vt 0.375000 0.500000
vt 0.125000 0.500000
vt 0.125000 0.750000
vt 0.625000 0.250000
vt 0.875000 0.750000
vt 0.625000 1.000000
vn 0.0356 0.9271 -0.3731
vn -0.3925 -0.3303 -0.8584
vn -0.9191 0.1770 0.3521
vn -0.0356 -0.9271 0.3731
vn 0.9191 -0.1770 -0.3521
vn 0.3925 0.3303 0.8584
usemtl Material.006
s off
f 29/43/19 25/44/19 27/45/19
f 27/45/20 28/46/20 32/47/20
f 31/48/21 32/49/21 30/50/21
f 26/51/22 30/52/22 32/53/22
f 25/44/23 26/51/23 28/46/23
f 29/54/24 30/50/24 26/51/24
f 29/43/19 27/45/19 31/55/19
f 27/45/20 32/47/20 31/56/20
f 31/48/21 30/50/21 29/54/21
f 26/51/22 32/53/22 28/46/22
f 25/44/23 28/46/23 27/45/23
f 29/54/24 26/51/24 25/44/24
o Cube.005
v 1.782404 1.325134 1.462369
v 1.851942 0.879479 1.440533
v 0.502506 1.110499 1.766988
v 0.572044 0.664845 1.745152
v 1.887758 1.320058 1.901453
v 1.957296 0.874404 1.879617
v 0.607861 1.105424 2.206072
v 0.677398 0.659769 2.184236
vt 0.875000 0.500000
vt 0.625000 0.500000
vt 0.625000 0.750000
vt 0.375000 0.750000
vt 0.375000 1.000000
vt 0.625000 0.000000
vt 0.375000 0.000000
vt 0.375000 0.250000
vt 0.375000 0.500000
vt 0.125000 0.500000
vt 0.125000 0.750000
vt 0.625000 0.250000
vt 0.875000 0.750000
vt 0.625000 1.000000
vn -0.1540 0.9869 0.0484
vn -0.9601 -0.1610 0.2285
vn 0.2333 -0.0112 0.9723
vn 0.1540 -0.9869 -0.0484
vn -0.2333 0.0112 -0.9723
vn 0.9601 0.1610 -0.2285
usemtl Material.005
s off
f 37/57/25 33/58/25 35/59/25
f 35/59/26 36/60/26 40/61/26
f 39/62/27 40/63/27 38/64/27
f 34/65/28 38/66/28 40/67/28
f 33/58/29 34/65/29 36/60/29
f 37/68/30 38/64/30 34/65/30
f 37/57/25 35/59/25 39/69/25
f 35/59/26 40/61/26 39/70/26
f 39/62/27 38/64/27 37/68/27
f 34/65/28 40/67/28 36/60/28
f 33/58/29 36/60/29 35/59/29
f 37/68/30 34/65/30 33/58/30
o Cube.004
v 2.040579 0.775429 0.941685
v 2.202875 0.611297 1.103285
v 1.675569 1.084509 1.622193
v 1.837865 0.920377 1.783793
v 2.234910 0.979125 0.953404
v 2.397207 0.814993 1.115003
v 1.869900 1.288205 1.633912
v 2.032197 1.124073 1.795511
vt 0.875000 0.500000
vt 0.625000 0.500000
vt 0.625000 0.750000
vt 0.375000 0.750000
vt 0.375000 1.000000
vt 0.625000 0.000000
vt 0.375000 0.000000
vt 0.375000 0.250000
vt 0.375000 0.500000
vt 0.125000 0.500000
vt 0.125000 0.750000
vt 0.625000 0.250000
vt 0.875000 0.750000
vt 0.625000 1.000000
vn -0.5760 0.5825 -0.5735
vn -0.4388 0.3716 0.8181
vn 0.6897 0.7229 0.0416
vn 0.5760 -0.5825 0.5735
vn -0.6897 -0.7229 -0.0416
vn 0.4388 -0.3716 -0.8181
usemtl Material.004
s off
f 45/71/31 41/72/31 43/73/31
f 43/73/32 44/74/32 48/75/32
f 47/76/33 48/77/33 46/78/33
f 42/79/34 46/80/34 48/81/34
f 41/72/35 42/79/35 44/74/35
f 45/82/36 46/78/36 42/79/36
f 45/71/31 43/73/31 47/83/31
f 43/73/32 48/75/32 47/84/32
f 47/76/33 46/78/33 45/82/33
f 42/79/34 48/81/34 44/74/34
f 41/72/35 44/74/35 43/73/35
f 45/82/36 42/79/36 41/72/36
