# Blender v2.93.4 OBJ File: ''
# www.blender.org
mtllib simpleHorns.mtl
o Cube.001
v 1.102883 2.137289 -0.778445
v 0.605329 0.954403 -0.778445
v 1.479752 1.978767 -0.778445
v 0.982198 0.795882 -0.778445
v 1.102883 2.137289 -0.369594
v 0.605329 0.954403 -0.369594
v 1.479752 1.978767 -0.369594
v 0.982198 0.795882 -0.369594
vt 0.875000 0.500000
vt 0.625000 0.750000
vt 0.625000 0.500000
vt 0.375000 1.000000
vt 0.375000 0.750000
vt 0.625000 0.000000
vt 0.375000 0.250000
vt 0.375000 0.000000
vt 0.375000 0.500000
vt 0.125000 0.750000
vt 0.125000 0.500000
vt 0.625000 0.250000
vt 0.875000 0.750000
vt 0.625000 1.000000
vn 0.3877 0.9218 0.0000
vn 0.9218 -0.3877 -0.0000
vn 0.0000 0.0000 1.0000
vn -0.3877 -0.9218 0.0000
vn -0.0000 -0.0000 -1.0000
vn -0.9218 0.3877 0.0000
usemtl Material.001
s off
f 5/1/1 3/2/1 1/3/1
f 3/2/2 8/4/2 4/5/2
f 7/6/3 6/7/3 8/8/3
f 2/9/4 8/10/4 6/11/4
f 1/3/5 4/5/5 2/9/5
f 5/12/6 2/9/6 6/7/6
f 5/1/1 7/13/1 3/2/1
f 3/2/2 7/14/2 8/4/2
f 7/6/3 5/12/3 6/7/3
f 2/9/4 4/5/4 8/10/4
f 1/3/5 3/2/5 4/5/5
f 5/12/6 1/3/6 2/9/6
o Cube.002
v 1.134986 3.169369 -0.715494
v 1.174471 1.979902 -0.715494
v 1.432433 3.179243 -0.715494
v 1.471918 1.989776 -0.715494
v 1.134986 3.169369 -0.417985
v 1.174471 1.979902 -0.417985
v 1.432434 3.179243 -0.417985
v 1.471918 1.989776 -0.417985
vt 0.875000 0.500000
vt 0.625000 0.750000
vt 0.625000 0.500000
vt 0.375000 1.000000
vt 0.375000 0.750000
vt 0.625000 0.000000
vt 0.375000 0.250000
vt 0.375000 0.000000
vt 0.375000 0.500000
vt 0.625000 0.250000
vt 0.875000 0.750000
vt 0.625000 1.000000
vn -0.0332 0.9994 0.0000
vn 0.9994 0.0332 -0.0000
vn 0.0000 0.0000 1.0000
vn -0.0000 0.0000 -1.0000
vn -0.9994 -0.0332 0.0000
usemtl Material.002
s off
f 13/15/7 11/16/7 9/17/7
f 11/16/8 16/18/8 12/19/8
f 15/20/9 14/21/9 16/22/9
f 9/17/10 12/19/10 10/23/10
f 13/24/11 10/23/11 14/21/11
f 13/15/7 15/25/7 11/16/7
f 11/16/8 15/26/8 16/18/8
f 15/20/9 13/24/9 14/21/9
f 9/17/10 11/16/10 12/19/10
f 13/24/11 9/17/11 10/23/11
o Cube.003
v 0.859755 3.929052 -0.689246
v 1.194421 3.082851 -0.689246
v 1.071363 4.012742 -0.689246
v 1.406029 3.166540 -0.689246
v 0.859755 3.929052 -0.461768
v 1.194421 3.082851 -0.461768
v 1.071363 4.012742 -0.461768
v 1.406029 3.166540 -0.461768
vt 0.875000 0.500000
vt 0.625000 0.750000
vt 0.625000 0.500000
vt 0.375000 1.000000
vt 0.375000 0.750000
vt 0.625000 0.000000
vt 0.375000 0.250000
vt 0.375000 0.000000
vt 0.375000 0.500000
vt 0.625000 0.250000
vt 0.875000 0.750000
vt 0.625000 1.000000
vn -0.3678 0.9299 0.0000
vn 0.9299 0.3678 0.0000
vn 0.0000 -0.0000 1.0000
vn -0.0000 0.0000 -1.0000
vn -0.9299 -0.3678 0.0000
usemtl Material.003
s off
f 21/27/12 19/28/12 17/29/12
f 19/28/13 24/30/13 20/31/13
f 23/32/14 22/33/14 24/34/14
f 17/29/15 20/31/15 18/35/15
f 21/36/16 18/35/16 22/33/16
f 21/27/12 23/37/12 19/28/12
f 19/28/13 23/38/13 24/30/13
f 23/32/14 21/36/14 22/33/14
f 17/29/15 19/28/15 20/31/15
f 21/36/16 17/29/16 18/35/16
o Cube.006
v 1.102883 2.137289 0.366306
v 0.605329 0.954403 0.366306
v 1.479752 1.978767 0.366306
v 0.982198 0.795882 0.366306
v 1.102883 2.137289 0.775157
v 0.605329 0.954403 0.775157
v 1.479752 1.978767 0.775157
v 0.982198 0.795882 0.775157
vt 0.875000 0.500000
vt 0.625000 0.750000
vt 0.625000 0.500000
vt 0.375000 1.000000
vt 0.375000 0.750000
vt 0.625000 0.000000
vt 0.375000 0.250000
vt 0.375000 0.000000
vt 0.375000 0.500000
vt 0.125000 0.750000
vt 0.125000 0.500000
vt 0.625000 0.250000
vt 0.875000 0.750000
vt 0.625000 1.000000
vn 0.3877 0.9218 0.0000
vn 0.9218 -0.3877 -0.0000
vn 0.0000 0.0000 1.0000
vn -0.3877 -0.9218 0.0000
vn -0.0000 -0.0000 -1.0000
vn -0.9218 0.3877 0.0000
usemtl Material.006
s off
f 29/39/17 27/40/17 25/41/17
f 27/40/18 32/42/18 28/43/18
f 31/44/19 30/45/19 32/46/19
f 26/47/20 32/48/20 30/49/20
f 25/41/21 28/43/21 26/47/21
f 29/50/22 26/47/22 30/45/22
f 29/39/17 31/51/17 27/40/17
f 27/40/18 31/52/18 32/42/18
f 31/44/19 29/50/19 30/45/19
f 26/47/20 28/43/20 32/48/20
f 25/41/21 27/40/21 28/43/21
f 29/50/22 25/41/22 26/47/22
o Cube.005
v 1.134987 3.169369 0.429256
v 1.174471 1.979902 0.429256
v 1.432434 3.179243 0.429256
v 1.471919 1.989776 0.429256
v 1.134987 3.169369 0.726765
v 1.174471 1.979902 0.726765
v 1.432434 3.179243 0.726765
v 1.471919 1.989776 0.726765
vt 0.875000 0.500000
vt 0.625000 0.750000
vt 0.625000 0.500000
vt 0.375000 1.000000
vt 0.375000 0.750000
vt 0.625000 0.000000
vt 0.375000 0.250000
vt 0.375000 0.000000
vt 0.375000 0.500000
vt 0.625000 0.250000
vt 0.875000 0.750000
vt 0.625000 1.000000
vn -0.0332 0.9994 0.0000
vn 0.9994 0.0332 -0.0000
vn 0.0000 -0.0000 1.0000
vn -0.0000 -0.0000 -1.0000
vn -0.9994 -0.0332 0.0000
usemtl Material.005
s off
f 37/53/23 35/54/23 33/55/23
f 35/54/24 40/56/24 36/57/24
f 39/58/25 38/59/25 40/60/25
f 33/55/26 36/57/26 34/61/26
f 37/62/27 34/61/27 38/59/27
f 37/53/23 39/63/23 35/54/23
f 35/54/24 39/64/24 40/56/24
f 39/58/25 37/62/25 38/59/25
f 33/55/26 35/54/26 36/57/26
f 37/62/27 33/55/27 34/61/27
o Cube.004
v 0.859756 3.929052 0.455505
v 1.194422 3.082851 0.455505
v 1.071363 4.012742 0.455505
v 1.406030 3.166540 0.455505
v 0.859756 3.929052 0.682983
v 1.194422 3.082851 0.682983
v 1.071363 4.012742 0.682983
v 1.406030 3.166540 0.682983
vt 0.875000 0.500000
vt 0.625000 0.750000
vt 0.625000 0.500000
vt 0.375000 1.000000
vt 0.375000 0.750000
vt 0.625000 0.000000
vt 0.375000 0.250000
vt 0.375000 0.000000
vt 0.375000 0.500000
vt 0.625000 0.250000
vt 0.875000 0.750000
vt 0.625000 1.000000
vn -0.3678 0.9299 0.0000
vn 0.9299 0.3678 0.0000
vn -0.0000 -0.0000 1.0000
vn -0.0000 0.0000 -1.0000
vn -0.9299 -0.3678 0.0000
usemtl Material.004
s off
f 45/65/28 43/66/28 41/67/28
f 43/66/29 48/68/29 44/69/29
f 47/70/30 46/71/30 48/72/30
f 41/67/31 44/69/31 42/73/31
f 45/74/32 42/73/32 46/71/32
f 45/65/28 47/75/28 43/66/28
f 43/66/29 47/76/29 48/68/29
f 47/70/30 45/74/30 46/71/30
f 41/67/31 43/66/31 44/69/31
f 45/74/32 41/67/32 42/73/32
