# Blender v2.93.4 OBJ File: ''
# www.blender.org
mtllib zagredHorns.mtl
o Cube.001
v 0.564776 0.909897 -0.304970
v 0.565362 2.157905 -1.034529
v 0.566869 0.686637 -0.686885
v 0.567456 1.934644 -1.416443
v 1.020908 0.910827 -0.303014
v 1.021495 2.158834 -1.032572
v 1.023001 0.687567 -0.684928
v 1.023588 1.935574 -1.414487
vt 0.625000 0.000000
vt 0.375000 0.250000
vt 0.375000 0.000000
vt 0.625000 0.250000
vt 0.375000 0.500000
vt 0.625000 0.500000
vt 0.375000 0.750000
vt 0.625000 0.750000
vt 0.375000 1.000000
vt 0.125000 0.750000
vt 0.125000 0.500000
vt 0.875000 0.500000
vt 0.625000 1.000000
vt 0.875000 0.750000
vn -1.0000 -0.0020 -0.0043
vn 0.0047 -0.5047 -0.8633
vn 1.0000 0.0020 0.0043
vn -0.0047 0.5047 0.8633
vn -0.0004 -0.8633 0.5047
vn 0.0004 0.8633 -0.5047
usemtl None
s off
f 2/1/1 3/2/1 1/3/1
f 4/4/2 7/5/2 3/2/2
f 8/6/3 5/7/3 7/5/3
f 6/8/4 1/9/4 5/7/4
f 7/5/5 1/10/5 3/11/5
f 4/12/6 6/8/6 8/6/6
f 2/1/1 4/4/1 3/2/1
f 4/4/2 8/6/2 7/5/2
f 8/6/3 6/8/3 5/7/3
f 6/8/4 2/13/4 1/9/4
f 7/5/5 5/7/5 1/10/5
f 4/12/6 2/14/6 6/8/6
o Cube.002
v 0.687937 1.961764 -1.066191
v 0.686474 2.986135 -1.041668
v 0.689357 1.969271 -1.379669
v 0.687895 2.993641 -1.355147
v 1.011250 1.962191 -1.064716
v 1.009787 2.986561 -1.040193
v 1.012670 1.969697 -1.378194
v 1.011207 2.994068 -1.353671
vt 0.625000 0.000000
vt 0.375000 0.250000
vt 0.375000 0.000000
vt 0.625000 0.250000
vt 0.375000 0.500000
vt 0.625000 0.500000
vt 0.375000 0.750000
vt 0.625000 0.750000
vt 0.375000 1.000000
vt 0.875000 0.500000
vt 0.625000 1.000000
vt 0.875000 0.750000
vn -1.0000 -0.0013 -0.0046
vn 0.0045 0.0239 -0.9997
vn 1.0000 0.0013 0.0046
vn -0.0045 -0.0239 0.9997
vn -0.0014 0.9997 0.0239
usemtl None
s off
f 10/15/7 11/16/7 9/17/7
f 12/18/8 15/19/8 11/16/8
f 16/20/9 13/21/9 15/19/9
f 14/22/10 9/23/10 13/21/10
f 12/24/11 14/22/11 16/20/11
f 10/15/7 12/18/7 11/16/7
f 12/18/8 16/20/8 15/19/8
f 16/20/9 14/22/9 13/21/9
f 14/22/10 10/25/10 9/23/10
f 12/24/11 10/26/11 14/22/11
o Cube.003
v 0.710896 2.988085 -1.053741
v 0.712025 3.653165 -1.493503
v 0.712002 2.853507 -1.257268
v 0.713131 3.518587 -1.697031
v 0.962475 2.988416 -1.052593
v 0.963605 3.653497 -1.492355
v 0.963582 2.853839 -1.256121
v 0.964711 3.518919 -1.695883
vt 0.625000 0.000000
vt 0.375000 0.250000
vt 0.375000 0.000000
vt 0.625000 0.250000
vt 0.375000 0.500000
vt 0.625000 0.500000
vt 0.375000 0.750000
vt 0.625000 0.750000
vt 0.375000 1.000000
vt 0.875000 0.500000
vt 0.625000 1.000000
vt 0.875000 0.750000
vn -1.0000 -0.0013 -0.0046
vn 0.0045 -0.5515 -0.8341
vn 1.0000 0.0013 0.0046
vn -0.0045 0.5515 0.8341
vn 0.0014 0.8341 -0.5515
usemtl None
s off
f 18/27/12 19/28/12 17/29/12
f 20/30/13 23/31/13 19/28/13
f 24/32/14 21/33/14 23/31/14
f 22/34/15 17/35/15 21/33/15
f 20/36/16 22/34/16 24/32/16
f 18/27/12 20/30/12 19/28/12
f 20/30/13 24/32/13 23/31/13
f 24/32/14 22/34/14 21/33/14
f 22/34/15 18/37/15 17/35/15
f 20/36/16 18/38/16 22/34/16
o Cube.006_Cube.009
v 0.564776 0.909897 0.306641
v 0.565362 2.157905 1.036199
v 0.566869 0.686637 0.688555
v 0.567456 1.934644 1.418114
v 1.020908 0.910827 0.304684
v 1.021495 2.158834 1.034242
v 1.023001 0.687567 0.686599
v 1.023588 1.935574 1.416157
vt 0.625000 0.000000
vt 0.375000 0.000000
vt 0.375000 0.250000
vt 0.625000 0.250000
vt 0.375000 0.500000
vt 0.625000 0.500000
vt 0.375000 0.750000
vt 0.625000 0.750000
vt 0.375000 1.000000
vt 0.125000 0.500000
vt 0.125000 0.750000
vt 0.875000 0.500000
vt 0.625000 1.000000
vt 0.875000 0.750000
vn -1.0000 -0.0020 0.0043
vn 0.0047 -0.5047 0.8633
vn 1.0000 0.0020 -0.0043
vn -0.0047 0.5047 -0.8633
vn -0.0004 -0.8633 -0.5047
vn 0.0004 0.8633 0.5047
usemtl None
s off
f 26/39/17 25/40/17 27/41/17
f 28/42/18 27/41/18 31/43/18
f 32/44/19 31/43/19 29/45/19
f 30/46/20 29/45/20 25/47/20
f 31/43/21 27/48/21 25/49/21
f 28/50/22 32/44/22 30/46/22
f 26/39/17 27/41/17 28/42/17
f 28/42/18 31/43/18 32/44/18
f 32/44/19 29/45/19 30/46/19
f 30/46/20 25/47/20 26/51/20
f 31/43/21 25/49/21 29/45/21
f 28/50/22 30/46/22 26/52/22
o Cube.005_Cube.008
v 0.687937 1.961764 1.067861
v 0.686474 2.986135 1.043338
v 0.689357 1.969271 1.381340
v 0.687895 2.993641 1.356817
v 1.011250 1.962191 1.066386
v 1.009787 2.986561 1.041863
v 1.012670 1.969697 1.379865
v 1.011207 2.994068 1.355342
vt 0.625000 0.000000
vt 0.375000 0.000000
vt 0.375000 0.250000
vt 0.625000 0.250000
vt 0.375000 0.500000
vt 0.625000 0.500000
vt 0.375000 0.750000
vt 0.625000 0.750000
vt 0.375000 1.000000
vt 0.875000 0.500000
vt 0.625000 1.000000
vt 0.875000 0.750000
vn -1.0000 -0.0013 0.0046
vn 0.0045 0.0239 0.9997
vn 1.0000 0.0013 -0.0046
vn -0.0045 -0.0239 -0.9997
vn -0.0014 0.9997 -0.0239
usemtl None
s off
f 34/53/23 33/54/23 35/55/23
f 36/56/24 35/55/24 39/57/24
f 40/58/25 39/57/25 37/59/25
f 38/60/26 37/59/26 33/61/26
f 36/62/27 40/58/27 38/60/27
f 34/53/23 35/55/23 36/56/23
f 36/56/24 39/57/24 40/58/24
f 40/58/25 37/59/25 38/60/25
f 38/60/26 33/61/26 34/63/26
f 36/62/27 38/60/27 34/64/27
o Cube.004_Cube.007
v 0.710896 2.988085 1.055411
v 0.712025 3.653165 1.495173
v 0.712002 2.853507 1.258939
v 0.713131 3.518587 1.698701
v 0.962475 2.988416 1.054263
v 0.963605 3.653497 1.494026
v 0.963582 2.853839 1.257791
v 0.964711 3.518919 1.697553
vt 0.625000 0.000000
vt 0.375000 0.000000
vt 0.375000 0.250000
vt 0.625000 0.250000
vt 0.375000 0.500000
vt 0.625000 0.500000
vt 0.375000 0.750000
vt 0.625000 0.750000
vt 0.375000 1.000000
vt 0.875000 0.500000
vt 0.625000 1.000000
vt 0.875000 0.750000
vn -1.0000 -0.0013 0.0046
vn 0.0045 -0.5515 0.8341
vn 1.0000 0.0013 -0.0046
vn -0.0045 0.5515 -0.8341
vn 0.0014 0.8341 0.5515
usemtl None
s off
f 42/65/28 41/66/28 43/67/28
f 44/68/29 43/67/29 47/69/29
f 48/70/30 47/69/30 45/71/30
f 46/72/31 45/71/31 41/73/31
f 44/74/32 48/70/32 46/72/32
f 42/65/28 43/67/28 44/68/28
f 44/68/29 47/69/29 48/70/29
f 48/70/30 45/71/30 46/72/30
f 46/72/31 41/73/31 42/75/31
f 44/74/32 46/72/32 42/76/32
